   1.2500000e-04	  -3.4425414e-09	
   1.5000000e-04	  -3.4386168e-09	
   1.7500000e-04	  -3.4321761e-09	
   2.0000000e-04	  -3.4422646e-09	
   2.2500000e-04	  -3.4414194e-09	
   2.5000000e-04	  -3.4374997e-09	
   2.7500000e-04	  -3.4414243e-09	
   3.0000000e-04	  -3.4377814e-09	
   3.2500000e-04	  -3.4316176e-09	
   3.5000000e-04	  -3.4439501e-09	
   3.7500000e-04	  -3.4377913e-09	
   4.0000000e-04	  -3.4321959e-09	
   4.2500000e-04	  -3.4366742e-09	
   4.5000000e-04	  -3.4307971e-09	
   4.7500000e-04	  -3.4419977e-09	
   5.0000000e-04	  -3.4347267e-09	
   5.2500000e-04	  -3.4378012e-09	
   5.5000000e-04	  -3.4349985e-09	
   5.7500000e-04	  -3.4291214e-09	
   6.0000000e-04	  -3.4364122e-09	
   6.2500000e-04	  -3.4355670e-09	
   6.5000000e-04	  -3.4400453e-09	
   6.7500000e-04	  -3.4355620e-09	
   7.0000000e-04	  -3.4322058e-09	
   7.2500000e-04	  -3.4308020e-09	
   7.5000000e-04	  -3.4431296e-09	
   7.7500000e-04	  -3.4380829e-09	
   8.0000000e-04	  -3.4341582e-09	
   8.2500000e-04	  -3.4408806e-09	
   8.5000000e-04	  -3.4352803e-09	
   8.7500000e-04	  -3.4380780e-09	
   9.0000000e-04	  -3.4445285e-09	
   9.2500000e-04	  -3.4394867e-09	
   9.5000000e-04	  -3.4349985e-09	
   9.7500000e-04	  -3.4344301e-09	
   1.0000000e-03	  -3.4341434e-09	
   1.0250000e-03	  -3.4554375e-09	
   1.0500000e-03	  -3.4428281e-09	
   1.0750000e-03	  -3.4422794e-09	
   1.1000000e-03	  -3.4341533e-09	
   1.1250000e-03	  -3.4355521e-09	
   1.1500000e-03	  -3.4459075e-09	
   1.1750000e-03	  -3.4489919e-09	
   1.2000000e-03	  -3.4372278e-09	
   1.2250000e-03	  -3.4305005e-09	
   1.2500000e-03	  -3.4360959e-09	
   1.2750000e-03	  -3.4458977e-09	
   1.3000000e-03	  -3.4461695e-09	
   1.3250000e-03	  -3.4301990e-09	
   1.3500000e-03	  -3.4369016e-09	
   1.3750000e-03	  -3.4301842e-09	
   1.4000000e-03	  -3.4461349e-09	
   1.4250000e-03	  -3.4472767e-09	
   1.4500000e-03	  -3.4360662e-09	
   1.4750000e-03	  -3.4313111e-09	
   1.5000000e-03	  -3.4363578e-09	
   1.5250000e-03	  -3.4369213e-09	
   1.5500000e-03	  -3.4450376e-09	
   1.5750000e-03	  -3.4427886e-09	
   1.6000000e-03	  -3.4394224e-09	
   1.6250000e-03	  -3.4416566e-09	
   1.6500000e-03	  -3.4500596e-09	
   1.6750000e-03	  -3.4394224e-09	
   1.7000000e-03	  -3.4425118e-09	
   1.7250000e-03	  -3.4444741e-09	
   1.7500000e-03	  -3.4396943e-09	
   1.7750000e-03	  -3.4433372e-09	
   1.8000000e-03	  -3.4458631e-09	
   1.8250000e-03	  -3.4329769e-09	
   1.8500000e-03	  -3.4425068e-09	
   1.8750000e-03	  -3.4436041e-09	
   1.9000000e-03	  -3.4424772e-09	
   1.9250000e-03	  -3.4382707e-09	
   1.9500000e-03	  -3.4335157e-09	
   1.9750000e-03	  -3.4447311e-09	
   2.0000000e-03	  -3.4391209e-09	
   2.0250000e-03	  -3.4379939e-09	
   2.0500000e-03	  -3.0773101e-09	
   2.0750000e-03	  -2.3999145e-09	
   2.1000000e-03	  -2.1134335e-09	
   2.1250000e-03	  -1.8443121e-09	
   2.1500000e-03	  -1.4771975e-09	
   2.1750000e-03	  -7.8355457e-10	
   2.2000000e-03	  -5.9284243e-10	
   2.2250000e-03	  -4.2565358e-10	
   2.2500000e-03	  -8.3785734e-10	
   2.2750000e-03	  -1.3884031e-09	
   2.3000000e-03	  -1.9210260e-09	
   2.3250000e-03	  -2.4617750e-09	
   2.3500000e-03	  -3.0686254e-09	
   2.3750000e-03	  -3.7816001e-09	
   2.4000000e-03	  -4.6903187e-09	
   2.4250000e-03	  -5.8829925e-09	
   2.4500000e-03	  -7.3685829e-09	
   2.4750000e-03	  -9.0712015e-09	
   2.5000000e-03	  -1.0830387e-08	
   2.5250000e-03	  -1.2502201e-08	
   2.5500000e-03	  -1.4092240e-08	
   2.5750000e-03	  -1.5587909e-08	
   2.6000000e-03	  -1.7021970e-08	
   2.6250000e-03	  -1.8382934e-08	
   2.6500000e-03	  -1.9696576e-08	
   2.6750000e-03	  -2.0930419e-08	
   2.7000000e-03	  -2.2107409e-08	
   2.7250000e-03	  -2.3223349e-08	
   2.7500000e-03	  -2.4269555e-08	
   2.7750000e-03	  -2.5218034e-08	
   2.8000000e-03	  -2.6069618e-08	
   2.8250000e-03	  -2.6837745e-08	
   2.8500000e-03	  -2.7512630e-08	
   2.8750000e-03	  -2.8114429e-08	
   2.9000000e-03	  -2.8642860e-08	
   2.9250000e-03	  -2.9072992e-08	
   2.9500000e-03	  -2.9404557e-08	
   2.9750000e-03	  -2.9648746e-08	
   3.0000000e-03	  -2.9815930e-08	
   3.0250000e-03	  -2.9899105e-08	
   3.0500000e-03	  -2.9839730e-08	
   3.0750000e-03	  -2.9668068e-08	
   3.1000000e-03	  -2.9330903e-08	
   3.1250000e-03	  -2.8865765e-08	
   3.1500000e-03	  -2.8250245e-08	
   3.1750000e-03	  -2.7490234e-08	
   3.2000000e-03	  -2.6615404e-08	
   3.2250000e-03	  -2.5663835e-08	
   3.2500000e-03	  -2.4693231e-08	
   3.2750000e-03	  -2.3711713e-08	
   3.3000000e-03	  -2.2723750e-08	
   3.3250000e-03	  -2.1747828e-08	
   3.3500000e-03	  -2.0799635e-08	
   3.3750000e-03	  -1.9869647e-08	
   3.4000000e-03	  -1.8984180e-08	
   3.4250000e-03	  -1.8119146e-08	
   3.4500000e-03	  -1.7310957e-08	
   3.4750000e-03	  -1.6522939e-08	
   3.5000000e-03	  -1.5789535e-08	
   3.5250000e-03	  -1.5093371e-08	
   3.5500000e-03	  -1.4439499e-08	
   3.5750000e-03	  -1.3820627e-08	
   3.6000000e-03	  -1.3251313e-08	
   3.6250000e-03	  -1.2722328e-08	
   3.6500000e-03	  -1.2226105e-08	
   3.6750000e-03	  -1.1776652e-08	
   3.7000000e-03	  -1.1352669e-08	
   3.7250000e-03	  -1.0972382e-08	
   3.7500000e-03	  -1.0624861e-08	
   3.7750000e-03	  -1.0314308e-08	
   3.8000000e-03	  -1.0025598e-08	
   3.8250000e-03	  -9.7587251e-09	
   3.8500000e-03	  -9.5251728e-09	
   3.8750000e-03	  -9.3285786e-09	
   3.9000000e-03	  -9.1510393e-09	
   3.9250000e-03	  -8.9916849e-09	
   3.9500000e-03	  -8.8530710e-09	
   3.9750000e-03	  -8.7402195e-09	
   4.0000000e-03	  -8.6517267e-09	
   4.0250000e-03	  -8.5705147e-09	
   4.0500000e-03	  -8.5150603e-09	
   4.0750000e-03	  -8.4764117e-09	
   4.1000000e-03	  -8.4464429e-09	
   4.1250000e-03	  -8.4425182e-09	
   4.1500000e-03	  -8.4472832e-09	
   4.1750000e-03	  -8.4567983e-09	
   4.2000000e-03	  -8.5018924e-09	
   4.2250000e-03	  -8.5500561e-09	
   4.2500000e-03	  -8.6032664e-09	
   4.2750000e-03	  -8.6620821e-09	
   4.3000000e-03	  -8.7500114e-09	
   4.3250000e-03	  -8.8426909e-09	
   4.3500000e-03	  -8.9465958e-09	
   4.3750000e-03	  -9.0429280e-09	
   4.4000000e-03	  -9.1599859e-09	
   4.4250000e-03	  -9.2764804e-09	
   4.4500000e-03	  -9.3966177e-09	
   4.4750000e-03	  -9.5377574e-09	
   4.5000000e-03	  -9.6595704e-09	
   4.5250000e-03	  -9.7830541e-09	
   4.5500000e-03	  -9.9225033e-09	
   4.5750000e-03	  -1.0052996e-08	
   4.6000000e-03	  -1.0181264e-08	
   4.6250000e-03	  -1.0300562e-08	
   4.6500000e-03	  -1.0413418e-08	
   4.6750000e-03	  -1.0519537e-08	
   4.7000000e-03	  -1.0612508e-08	
   4.7250000e-03	  -1.0706038e-08	
   4.7500000e-03	  -1.0774082e-08	
   4.7750000e-03	  -1.0834865e-08	
   4.8000000e-03	  -1.0874344e-08	
   4.8250000e-03	  -1.0893102e-08	
   4.8500000e-03	  -1.0900947e-08	
   4.8750000e-03	  -1.0895070e-08	
   4.9000000e-03	  -1.0871255e-08	
   4.9250000e-03	  -1.0820007e-08	
   4.9500000e-03	  -1.0746906e-08	
   4.9750000e-03	  -1.0668215e-08	
   5.0000000e-03	  -1.0567691e-08	
   5.0250000e-03	  -1.0452042e-08	
   5.0500000e-03	  -1.0314263e-08	
   5.0750000e-03	  -1.0169762e-08	
   5.1000000e-03	  -1.0007912e-08	
   5.1250000e-03	  -9.8463332e-09	
   5.1500000e-03	  -9.6808397e-09	
   5.1750000e-03	  -9.5058114e-09	
   5.2000000e-03	  -9.3235170e-09	
   5.2250000e-03	  -9.1487705e-09	
   5.2500000e-03	  -8.9729167e-09	
   5.2750000e-03	  -8.7908893e-09	
   5.3000000e-03	  -8.6178332e-09	
   5.3250000e-03	  -8.4475698e-09	
   5.3500000e-03	  -8.2845874e-09	
   5.3750000e-03	  -8.1129252e-09	
   5.4000000e-03	  -7.9695464e-09	
   5.4250000e-03	  -7.8127228e-09	
   5.4500000e-03	  -7.6626215e-09	
   5.4750000e-03	  -7.5284859e-09	
   5.5000000e-03	  -7.3893085e-09	
   5.5250000e-03	  -7.2554447e-09	
   5.5500000e-03	  -7.1437252e-09	
   5.5750000e-03	  -7.0238745e-09	
   5.6000000e-03	  -6.9205332e-09	
   5.6250000e-03	  -6.8101927e-09	
   5.6500000e-03	  -6.7172216e-09	
   5.6750000e-03	  -6.6320850e-09	
   5.7000000e-03	  -6.5489206e-09	
   5.7250000e-03	  -6.4665915e-09	
   5.7500000e-03	  -6.3996498e-09	
   5.7750000e-03	  -6.3271126e-09	
   5.8000000e-03	  -6.2618465e-09	
   5.8250000e-03	  -6.2111669e-09	
   5.8500000e-03	  -6.1546002e-09	
   5.8750000e-03	  -6.1122989e-09	
   5.9000000e-03	  -6.0649656e-09	
   5.9250000e-03	  -6.0086708e-09	
   5.9500000e-03	  -5.9812179e-09	
   5.9750000e-03	  -5.9509723e-09	
   6.0000000e-03	  -5.9240928e-09	
   6.0250000e-03	  -5.8966448e-09	
   6.0500000e-03	  -5.8658357e-09	
   6.0750000e-03	  -5.8434295e-09	
   6.1000000e-03	  -5.8151313e-09	
   6.1250000e-03	  -5.7997293e-09	
   6.1500000e-03	  -5.7868431e-09	
   6.1750000e-03	  -5.7605073e-09	
   6.2000000e-03	  -5.7473443e-09	
   6.2250000e-03	  -5.7319422e-09	
   6.2500000e-03	  -5.7207367e-09	
   6.2750000e-03	  -5.7073019e-09	
   6.3000000e-03	  -5.6848907e-09	
   6.3250000e-03	  -5.6764878e-09	
   6.3500000e-03	  -5.6596868e-09	
   6.3750000e-03	  -5.6498801e-09	
   6.4000000e-03	  -5.6176573e-09	
   6.4250000e-03	  -5.6047662e-09	
   6.4500000e-03	  -5.5910447e-09	
   6.4750000e-03	  -5.5756476e-09	
   6.5000000e-03	  -5.5655591e-09	
   6.5250000e-03	  -5.5294314e-09	
   6.5500000e-03	  -5.5109449e-09	
   6.5750000e-03	  -5.4888155e-09	
   6.6000000e-03	  -5.4661226e-09	
   6.6250000e-03	  -5.4434298e-09	
   6.6500000e-03	  -5.4156902e-09	
   6.6750000e-03	  -5.3862700e-09	
   6.7000000e-03	  -5.3526582e-09	
   6.7250000e-03	  -5.3336132e-09	
   6.7500000e-03	  -5.3027991e-09	
   6.7750000e-03	  -5.2717182e-09	
   6.8000000e-03	  -5.2344684e-09	
   6.8250000e-03	  -5.2117755e-09	
   6.8500000e-03	  -5.1798493e-09	
   6.8750000e-03	  -5.1392384e-09	
   6.9000000e-03	  -5.1084293e-09	
   6.9250000e-03	  -5.0762163e-09	
   6.9500000e-03	  -5.0546455e-09	
   6.9750000e-03	  -5.0196299e-09	
   7.0000000e-03	  -4.9748077e-09	
   7.0250000e-03	  -4.9397971e-09	
   7.0500000e-03	  -4.9123491e-09	
   7.0750000e-03	  -4.8882623e-09	
   7.1000000e-03	  -4.8543837e-09	
   7.1250000e-03	  -4.8185278e-09	
   7.1500000e-03	  -4.7849111e-09	
   7.1750000e-03	  -4.7683969e-09	
   7.2000000e-03	  -4.7373060e-09	
   7.2250000e-03	  -4.7081774e-09	
   7.2500000e-03	  -4.6709376e-09	
   7.2750000e-03	  -4.6507705e-09	
   7.3000000e-03	  -4.6140744e-09	
   7.3250000e-03	  -4.6062349e-09	
   7.3500000e-03	  -4.5787870e-09	
   7.3750000e-03	  -4.5544234e-09	
   7.4000000e-03	  -4.5252899e-09	
   7.4250000e-03	  -4.5023202e-09	
   7.4500000e-03	  -4.4919401e-09	
   7.4750000e-03	  -4.4672997e-09	
   7.5000000e-03	  -4.4437715e-09	
   7.5250000e-03	  -4.4261204e-09	
   7.5500000e-03	  -4.4126806e-09	
   7.5750000e-03	  -4.3967249e-09	
   7.6000000e-03	  -4.3838437e-09	
   7.6250000e-03	  -4.3757176e-09	
   7.6500000e-03	  -4.3530247e-09	
   7.6750000e-03	  -4.3205449e-09	
   7.7000000e-03	  -4.3292345e-09	
   7.7250000e-03	  -4.3121370e-09	
   7.7500000e-03	  -4.3006497e-09	
   7.7750000e-03	  -4.2944809e-09	
   7.8000000e-03	  -4.2664645e-09	
   7.8250000e-03	  -4.2692672e-09	
   7.8500000e-03	  -4.2541419e-09	
   7.8750000e-03	  -4.2465792e-09	
   7.9000000e-03	  -4.2367774e-09	
   7.9250000e-03	  -4.2241681e-09	
   7.9500000e-03	  -4.2140846e-09	
   7.9750000e-03	  -4.2079158e-09	
   8.0000000e-03	  -4.1972787e-09	
   8.0250000e-03	  -4.1930673e-09	
   8.0500000e-03	  -4.1846594e-09	
   8.0750000e-03	  -4.1810165e-09	
   8.1000000e-03	  -4.1661680e-09	
   8.1250000e-03	  -4.1555259e-09	
   8.1500000e-03	  -4.1563860e-09	
   8.1750000e-03	  -4.1471428e-09	
   8.2000000e-03	  -4.1376178e-09	
   8.2250000e-03	  -4.1339749e-09	
   8.2500000e-03	  -4.1194032e-09	
   8.2750000e-03	  -4.1166203e-09	
   8.3000000e-03	  -4.1138128e-09	
   8.3250000e-03	  -4.0972837e-09	
   8.3500000e-03	  -4.0911248e-09	
   8.3750000e-03	  -4.0779619e-09	
   8.4000000e-03	  -4.0745908e-09	
   8.4250000e-03	  -4.0689954e-09	
   8.4500000e-03	  -4.0583435e-09	
   8.4750000e-03	  -4.0560945e-09	
   8.5000000e-03	  -4.0485367e-09	
   8.5250000e-03	  -4.0317259e-09	
   8.5500000e-03	  -4.0381616e-09	
   8.5750000e-03	  -4.0294818e-09	
   8.6000000e-03	  -4.0166006e-09	
   8.6250000e-03	  -4.0076391e-09	
   8.6500000e-03	  -4.0056768e-09	
   8.6750000e-03	  -3.9961419e-09	
   8.7000000e-03	  -3.9838045e-09	
   8.7250000e-03	  -3.9829642e-09	
   8.7500000e-03	  -3.9781992e-09	
   8.7750000e-03	  -3.9717536e-09	
   8.8000000e-03	  -3.9633458e-09	
   8.8250000e-03	  -3.9512999e-09	
   8.8500000e-03	  -3.9518585e-09	
   8.8750000e-03	  -3.9454228e-09	
   8.9000000e-03	  -3.9387054e-09	
   8.9250000e-03	  -3.9280682e-09	
   8.9500000e-03	  -3.9283648e-09	
   8.9750000e-03	  -3.9269759e-09	
   9.0000000e-03	  -3.9216524e-09	
   9.0250000e-03	  -3.9023256e-09	
   9.0500000e-03	  -3.9045647e-09	
   9.0750000e-03	  -3.9003731e-09	
   9.1000000e-03	  -3.8947679e-09	
   9.1250000e-03	  -3.8880505e-09	
   9.1500000e-03	  -3.8760096e-09	
   9.1750000e-03	  -3.8732218e-09	
   9.2000000e-03	  -3.8777099e-09	
   9.2250000e-03	  -3.8718279e-09	
   9.2500000e-03	  -3.8589417e-09	
   9.2750000e-03	  -3.8525011e-09	
   9.3000000e-03	  -3.8499802e-09	
   9.3250000e-03	  -3.8575478e-09	
   9.3500000e-03	  -3.8491449e-09	
   9.3750000e-03	  -3.8418640e-09	
   9.4000000e-03	  -3.8410237e-09	
   9.4250000e-03	  -3.8329074e-09	
   9.4500000e-03	  -3.8359868e-09	
   9.4750000e-03	  -3.8413202e-09	
   9.5000000e-03	  -3.8236741e-09	
   9.5250000e-03	  -3.8175103e-09	
   9.5500000e-03	  -3.8178118e-09	
   9.5750000e-03	  -3.8245391e-09	
   9.6000000e-03	  -3.8197889e-09	
   9.6250000e-03	  -3.8153206e-09	
   9.6500000e-03	  -3.8111141e-09	
   9.6750000e-03	  -3.8035564e-09	
   9.7000000e-03	  -3.8052420e-09	
   9.7250000e-03	  -3.8114107e-09	
   9.7500000e-03	  -3.7917973e-09	
   9.7750000e-03	  -3.7962854e-09	
   9.8000000e-03	  -3.7915106e-09	
   9.8250000e-03	  -3.7915007e-09	
   9.8500000e-03	  -3.7990633e-09	
   9.8750000e-03	  -3.7853369e-09	
   9.9000000e-03	  -3.7825392e-09	
   9.9250000e-03	  -3.7814122e-09	
   9.9500000e-03	  -3.7842099e-09	
   9.9750000e-03	  -3.7842149e-09	
   1.0000000e-02	  -3.7825244e-09	
   1.0025000e-02	  -3.7752385e-09	
   1.0050000e-02	  -3.7752385e-09	
   1.0075000e-02	  -3.7729895e-09	
   1.0100000e-02	  -3.7735481e-09	
   1.0125000e-02	  -3.7713040e-09	
   1.0150000e-02	  -3.7575825e-09	
   1.0175000e-02	  -3.7640231e-09	
   1.0200000e-02	  -3.7673744e-09	
   1.0225000e-02	  -3.7600885e-09	
   1.0250000e-02	  -3.7603604e-09	
   1.0275000e-02	  -3.7502719e-09	
   1.0300000e-02	  -3.7480278e-09	
   1.0325000e-02	  -3.7533612e-09	
   1.0350000e-02	  -3.7508305e-09	
   1.0375000e-02	  -3.7483046e-09	
   1.0400000e-02	  -3.7516658e-09	
   1.0425000e-02	  -3.7463522e-09	
   1.0450000e-02	  -3.7418690e-09	
   1.0475000e-02	  -3.7519476e-09	
   1.0500000e-02	  -3.7295414e-09	
   1.0525000e-02	  -3.7426994e-09	
   1.0550000e-02	  -3.7348550e-09	
   1.0575000e-02	  -3.7382063e-09	
   1.0600000e-02	  -3.7261654e-09	
   1.0625000e-02	  -3.7295265e-09	
   1.0650000e-02	  -3.7286912e-09	
   1.0675000e-02	  -3.7205651e-09	
   1.0700000e-02	  -3.7216920e-09	
   1.0725000e-02	  -3.7146879e-09	
   1.0750000e-02	  -3.7292399e-09	
   1.0775000e-02	  -3.7143963e-09	
   1.0800000e-02	  -3.7107534e-09	
   1.0825000e-02	  -3.7138328e-09	
   1.0850000e-02	  -3.7138279e-09	
   1.0875000e-02	  -3.7132792e-09	
   1.0900000e-02	  -3.7065470e-09	
   1.0925000e-02	  -3.7040310e-09	
   1.0950000e-02	  -3.7076690e-09	
   1.0975000e-02	  -3.7051481e-09	
   1.1000000e-02	  -3.7090679e-09	
   1.1025000e-02	  -3.7029090e-09	
   1.1050000e-02	  -3.7020687e-09	
   1.1075000e-02	  -3.7090629e-09	
   1.1100000e-02	  -3.7001014e-09	
   1.1125000e-02	  -3.7152218e-09	
   1.1150000e-02	  -3.7096165e-09	
   1.1175000e-02	  -3.7076492e-09	
   1.1200000e-02	  -3.7037295e-09	
   1.1225000e-02	  -3.6998048e-09	
   1.1250000e-02	  -3.7062455e-09	
   1.1275000e-02	  -3.7093249e-09	
   1.1300000e-02	  -3.6941996e-09	
   1.1325000e-02	  -3.6972790e-09	
   1.1350000e-02	  -3.6916738e-09	
   1.1375000e-02	  -3.6933593e-09	
   1.1400000e-02	  -3.6975558e-09	
   1.1425000e-02	  -3.6913871e-09	
   1.1450000e-02	  -3.6860537e-09	
   1.1475000e-02	  -3.6969775e-09	
   1.1500000e-02	  -3.6762519e-09	
   1.1525000e-02	  -3.6880259e-09	
   1.1550000e-02	  -3.6849415e-09	
   1.1575000e-02	  -3.6888662e-09	
   1.1600000e-02	  -3.6868989e-09	
   1.1625000e-02	  -3.6812887e-09	
   1.1650000e-02	  -3.6832609e-09	
   1.1675000e-02	  -3.6857769e-09	
   1.1700000e-02	  -3.6818522e-09	
   1.1725000e-02	  -3.6776458e-09	
   1.1750000e-02	  -3.6768104e-09	
   1.1775000e-02	  -3.6868989e-09	
   1.1800000e-02	  -3.6902601e-09	
   1.1825000e-02	  -3.6754165e-09	
   1.1850000e-02	  -3.6782142e-09	
   1.1875000e-02	  -3.6796032e-09	
   1.1900000e-02	  -3.6767956e-09	
   1.1925000e-02	  -3.6846351e-09	
   1.1950000e-02	  -3.6672706e-09	
   1.1975000e-02	  -3.6734295e-09	
   1.2000000e-02	  -3.6706318e-09	
   1.2025000e-02	  -3.6795982e-09	
   1.2050000e-02	  -3.6703600e-09	
   1.2075000e-02	  -3.6728858e-09	
   1.2100000e-02	  -3.6784811e-09	
   1.2125000e-02	  -3.6748432e-09	
   1.2150000e-02	  -3.6795982e-09	
   1.2175000e-02	  -3.6790397e-09	
   1.2200000e-02	  -3.6821142e-09	
   1.2225000e-02	  -3.6748283e-09	
   1.2250000e-02	  -3.6742698e-09	
   1.2275000e-02	  -3.6807104e-09	
   1.2300000e-02	  -3.6739979e-09	
   1.2325000e-02	  -3.6762321e-09	
   1.2350000e-02	  -3.6720307e-09	
   1.2375000e-02	  -3.6790298e-09	
   1.2400000e-02	  -3.6753869e-09	
   1.2425000e-02	  -3.6728611e-09	
   1.2450000e-02	  -3.6652885e-09	
   1.2475000e-02	  -3.6694949e-09	
   1.2500000e-02	  -3.6767857e-09	
   1.2525000e-02	  -3.6725843e-09	
   1.2550000e-02	  -3.6711805e-09	
   1.2575000e-02	  -3.6689413e-09	
   1.2600000e-02	  -3.6622190e-09	
   1.2625000e-02	  -3.6748333e-09	
   1.2650000e-02	  -3.6759652e-09	
   1.2675000e-02	  -3.6756884e-09	
   1.2700000e-02	  -3.6670087e-09	
   1.2725000e-02	  -3.6639292e-09	
   1.2750000e-02	  -3.6639292e-09	
   1.2775000e-02	  -3.6675672e-09	
   1.2800000e-02	  -3.6664402e-09	
   1.2825000e-02	  -3.6672706e-09	
   1.2850000e-02	  -3.6605532e-09	
   1.2875000e-02	  -3.6613935e-09	
   1.2900000e-02	  -3.6655999e-09	
   1.2925000e-02	  -3.6653281e-09	
   1.2950000e-02	  -3.6700782e-09	
   1.2975000e-02	  -3.6619620e-09	
   1.3000000e-02	  -3.6613935e-09	
   1.3025000e-02	  -3.6566286e-09	
   1.3050000e-02	  -3.6647448e-09	
   1.3075000e-02	  -3.6624958e-09	
   1.3100000e-02	  -3.6661437e-09	
   1.3125000e-02	  -3.6627825e-09	
   1.3150000e-02	  -3.6496245e-09	
   1.3175000e-02	  -3.6591445e-09	
   1.3200000e-02	  -3.6672608e-09	
   1.3225000e-02	  -3.6694949e-09	
   1.3250000e-02	  -3.6512853e-09	
   1.3275000e-02	  -3.6616456e-09	
   1.3300000e-02	  -3.6627627e-09	
   1.3325000e-02	  -3.6672558e-09	
   1.3350000e-02	  -3.6633361e-09	
   1.3375000e-02	  -3.6641813e-09	
   1.3400000e-02	  -3.6591445e-09	
   1.3425000e-02	  -3.6630642e-09	
   1.3450000e-02	  -3.6669840e-09	
   1.3475000e-02	  -3.6706219e-09	
   1.3500000e-02	  -3.6669790e-09	
   1.3525000e-02	  -3.6594361e-09	
   1.3550000e-02	  -3.6675524e-09	
   1.3575000e-02	  -3.6633509e-09	
   1.3600000e-02	  -3.6633410e-09	
   1.3625000e-02	  -3.6605285e-09	
   1.3650000e-02	  -3.6532476e-09	
   1.3675000e-02	  -3.6711706e-09	
   1.3700000e-02	  -3.6622091e-09	
   1.3725000e-02	  -3.6568807e-09	
   1.3750000e-02	  -3.6613589e-09	
   1.3775000e-02	  -3.6635981e-09	
   1.3800000e-02	  -3.6624711e-09	
   1.3825000e-02	  -3.6624760e-09	
   1.3850000e-02	  -3.6616308e-09	
   1.3875000e-02	  -3.6579977e-09	
   1.3900000e-02	  -3.6602369e-09	
   1.3925000e-02	  -3.6552050e-09	
   1.3950000e-02	  -3.6678094e-09	
   1.3975000e-02	  -3.6655555e-09	
   1.4000000e-02	  -3.6604989e-09	
   1.4025000e-02	  -3.6607855e-09	
   1.4050000e-02	  -3.6529362e-09	
   1.4075000e-02	  -3.6680664e-09	
   1.4100000e-02	  -3.6574145e-09	
   1.4125000e-02	  -3.6610623e-09	
   1.4150000e-02	  -3.6473359e-09	
   1.4175000e-02	  -3.6579780e-09	
   1.4200000e-02	  -3.6635783e-09	
   1.4225000e-02	  -3.6602319e-09	
   1.4250000e-02	  -3.6613490e-09	
   1.4275000e-02	  -3.6445481e-09	
   1.4300000e-02	  -3.6593966e-09	
   1.4325000e-02	  -3.6591099e-09	
   1.4350000e-02	  -3.6568609e-09	
   1.4375000e-02	  -3.6520959e-09	
   1.4400000e-02	  -3.6414538e-09	
   1.4425000e-02	  -3.6534898e-09	
   1.4450000e-02	  -3.6607707e-09	
   1.4475000e-02	  -3.6560156e-09	
   1.4500000e-02	  -3.6562875e-09	
   1.4525000e-02	  -3.6543252e-09	
   1.4550000e-02	  -3.6568461e-09	
   1.4575000e-02	  -3.6610426e-09	
   1.4600000e-02	  -3.6593669e-09	
   1.4625000e-02	  -3.6506872e-09	
   1.4650000e-02	  -3.6540533e-09	
   1.4675000e-02	  -3.6647003e-09	
   1.4700000e-02	  -3.6596536e-09	
   1.4725000e-02	  -3.6596586e-09	
   1.4750000e-02	  -3.6666627e-09	
   1.4775000e-02	  -3.6462040e-09	
   1.4800000e-02	  -3.6560107e-09	
   1.4825000e-02	  -3.6551803e-09	
   1.4850000e-02	  -3.6585464e-09	
   1.4875000e-02	  -3.6462237e-09	
   1.4900000e-02	  -3.6523925e-09	
   1.4925000e-02	  -3.6543598e-09	
   1.4950000e-02	  -3.6579928e-09	
   1.4975000e-02	  -3.6495849e-09	
   1.5000000e-02	  -3.6565841e-09	
   1.5025000e-02	  -3.6521107e-09	
   1.5050000e-02	  -3.6540731e-09	
   1.5075000e-02	  -3.6484728e-09	
   1.5100000e-02	  -3.6568708e-09	
   1.5125000e-02	  -3.6462188e-09	
   1.5150000e-02	  -3.6549035e-09	
   1.5175000e-02	  -3.6582647e-09	
   1.5200000e-02	  -3.6557388e-09	
   1.5225000e-02	  -3.6568708e-09	
   1.5250000e-02	  -3.6495849e-09	
   1.5275000e-02	  -3.6529412e-09	
   1.5300000e-02	  -3.6540583e-09	
   1.5325000e-02	  -3.6565841e-09	
   1.5350000e-02	  -3.6456504e-09	
   1.5375000e-02	  -3.6579730e-09	
   1.5400000e-02	  -3.6431295e-09	
   1.5425000e-02	  -3.6543301e-09	
   1.5450000e-02	  -3.6495553e-09	
   1.5475000e-02	  -3.6473211e-09	
   1.5500000e-02	  -3.6386364e-09	
   1.5525000e-02	  -3.6436831e-09	
   1.5550000e-02	  -3.6464907e-09	
   1.5575000e-02	  -3.6562974e-09	
   1.5600000e-02	  -3.6450869e-09	
   1.5625000e-02	  -3.6406086e-09	
   1.5650000e-02	  -3.6378010e-09	
   1.5675000e-02	  -3.6414440e-09	
   1.5700000e-02	  -3.6540583e-09	
   1.5725000e-02	  -3.6428477e-09	
   1.5750000e-02	  -3.6411672e-09	
   1.5775000e-02	  -3.6420124e-09	
   1.5800000e-02	  -3.6400501e-09	
   1.5825000e-02	  -3.6414538e-09	
   1.5850000e-02	  -3.6484678e-09	
   1.5875000e-02	  -3.6434310e-09	
   1.5900000e-02	  -3.6456751e-09	
   1.5925000e-02	  -3.6440044e-09	
   1.5950000e-02	  -3.6510085e-09	
   1.5975000e-02	  -3.6484827e-09	
   1.6000000e-02	  -3.6526891e-09	
   1.6025000e-02	  -3.6454032e-09	
   1.6050000e-02	  -3.6448447e-09	
   1.6075000e-02	  -3.6454131e-09	
   1.6100000e-02	  -3.6386957e-09	
   1.6125000e-02	  -3.6496344e-09	
   1.6150000e-02	  -3.6541176e-09	
   1.6175000e-02	  -3.6457196e-09	
   1.6200000e-02	  -3.6479587e-09	
   1.6225000e-02	  -3.6395508e-09	
   1.6250000e-02	  -3.6552445e-09	
   1.6275000e-02	  -3.6558031e-09	
   1.6300000e-02	  -3.6490807e-09	
   1.6325000e-02	  -3.6446025e-09	
   1.6350000e-02	  -3.6521651e-09	
   1.6375000e-02	  -3.6532970e-09	
   1.6400000e-02	  -3.6538506e-09	
   1.6425000e-02	  -3.6460161e-09	
   1.6450000e-02	  -3.6546959e-09	
   1.6475000e-02	  -3.6479834e-09	
   1.6500000e-02	  -3.6549875e-09	
   1.6525000e-02	  -3.6558328e-09	
   1.6550000e-02	  -3.6493971e-09	
   1.6575000e-02	  -3.6597574e-09	
   1.6600000e-02	  -3.6519180e-09	
   1.6625000e-02	  -3.6555658e-09	
   1.6650000e-02	  -3.6510925e-09	
   1.6675000e-02	  -3.6614677e-09	
   1.6700000e-02	  -3.6550271e-09	
   1.6725000e-02	  -3.6586502e-09	
   1.6750000e-02	  -3.6608943e-09	
   1.6775000e-02	  -3.6510925e-09	
   1.6800000e-02	  -3.6578247e-09	
   1.6825000e-02	  -3.6597772e-09	
   1.6850000e-02	  -3.6544487e-09	
   1.6875000e-02	  -3.6555757e-09	
   1.6900000e-02	  -3.6519328e-09	
   1.6925000e-02	  -3.6522195e-09	
   1.6950000e-02	  -3.6522195e-09	
   1.6975000e-02	  -3.6519377e-09	
   1.7000000e-02	  -3.6480279e-09	
