   1.2500000e-04	  -3.4177818e-09	
   1.5000000e-04	  -3.3887916e-09	
   1.7500000e-04	  -3.4150532e-09	
   2.0000000e-04	  -3.3887916e-09	
   2.2500000e-04	  -3.3957833e-09	
   2.5000000e-04	  -3.3952718e-09	
   2.7500000e-04	  -3.3920317e-09	
   3.0000000e-04	  -3.4272035e-09	
   3.2500000e-04	  -3.3791851e-09	
   3.5000000e-04	  -3.4017519e-09	
   3.7500000e-04	  -3.4148259e-09	
   4.0000000e-04	  -3.3824251e-09	
   4.2500000e-04	  -3.4127654e-09	
   4.5000000e-04	  -3.3861199e-09	
   4.7500000e-04	  -3.4114153e-09	
   5.0000000e-04	  -3.3858358e-09	
   5.2500000e-04	  -3.3985687e-09	
   5.5000000e-04	  -3.4066405e-09	
   5.7500000e-04	  -3.3920885e-09	
   6.0000000e-04	  -3.3888485e-09	
   6.2500000e-04	  -3.3697491e-09	
   6.5000000e-04	  -3.4210218e-09	
   6.7500000e-04	  -3.4130638e-09	
   7.0000000e-04	  -3.4210218e-09	
   7.2500000e-04	  -3.3791282e-09	
   7.5000000e-04	  -3.3853099e-09	
   7.7500000e-04	  -3.3994783e-09	
   8.0000000e-04	  -3.3991371e-09	
   8.2500000e-04	  -3.4175401e-09	
   8.5000000e-04	  -3.3984550e-09	
   8.7500000e-04	  -3.3920317e-09	
   9.0000000e-04	  -3.3853099e-09	
   9.2500000e-04	  -3.3987392e-09	
   9.5000000e-04	  -3.3895305e-09	
   9.7500000e-04	  -3.4048783e-09	
   1.0000000e-03	  -3.3983981e-09	
   1.0250000e-03	  -3.4048215e-09	
   1.0500000e-03	  -3.3983981e-09	
   1.0750000e-03	  -3.4144848e-09	
   1.1000000e-03	  -3.4080615e-09	
   1.1250000e-03	  -3.4113016e-09	
   1.1500000e-03	  -3.3983981e-09	
   1.1750000e-03	  -3.4113016e-09	
   1.2000000e-03	  -3.4048783e-09	
   1.2250000e-03	  -3.3853099e-09	
   1.2500000e-03	  -3.3887916e-09	
   1.2750000e-03	  -3.4048783e-09	
   1.3000000e-03	  -3.4209650e-09	
   1.3250000e-03	  -3.4113016e-09	
   1.3500000e-03	  -3.3919748e-09	
   1.3750000e-03	  -3.3991939e-09	
   1.4000000e-03	  -3.3887348e-09	
   1.4250000e-03	  -3.4105485e-09	
   1.4500000e-03	  -3.4306284e-09	
   1.4750000e-03	  -3.3815583e-09	
   1.5000000e-03	  -3.3887348e-09	
   1.5250000e-03	  -3.3854236e-09	
   1.5500000e-03	  -3.4079904e-09	
   1.5750000e-03	  -3.4209081e-09	
   1.6000000e-03	  -3.4048074e-09	
   1.6250000e-03	  -3.4240914e-09	
   1.6500000e-03	  -3.3821978e-09	
   1.6750000e-03	  -3.4047646e-09	
   1.7000000e-03	  -3.4466582e-09	
   1.7250000e-03	  -3.4080047e-09	
   1.7500000e-03	  -3.4240914e-09	
   1.7750000e-03	  -3.4240914e-09	
   1.8000000e-03	  -3.3950872e-09	
   1.8250000e-03	  -3.4273314e-09	
   1.8500000e-03	  -3.4208941e-09	
   1.8750000e-03	  -3.4111879e-09	
   1.9000000e-03	  -3.4111879e-09	
   1.9250000e-03	  -3.3952149e-09	
   1.9500000e-03	  -3.4336979e-09	
   1.9750000e-03	  -3.4208941e-09	
   2.0000000e-03	  -3.4240345e-09	
   2.0250000e-03	  -3.4014677e-09	
   2.0500000e-03	  -3.3918471e-09	
   2.0750000e-03	  -3.3765702e-09	
   2.1000000e-03	  -1.4290582e-09	
   2.1250000e-03	  -1.6263332e-09	
   2.1500000e-03	  -1.9056332e-09	
   2.1750000e-03	  -2.0200020e-09	
   2.2000000e-03	  -4.0361876e-12	
   2.2250000e-03	   2.4158402e-11	
   2.2500000e-03	  -6.8433780e-10	
   2.2750000e-03	  -1.2350652e-09	
   2.3000000e-03	  -1.7293192e-09	
   2.3250000e-03	  -2.2220949e-09	
   2.3500000e-03	  -2.8009459e-09	
   2.3750000e-03	  -3.4361565e-09	
   2.4000000e-03	  -4.2896036e-09	
   2.4250000e-03	  -5.4167517e-09	
   2.4500000e-03	  -6.7974928e-09	
   2.4750000e-03	  -8.4955195e-09	
   2.5000000e-03	  -1.0248926e-08	
   2.5250000e-03	  -1.1962186e-08	
   2.5500000e-03	  -1.3595795e-08	
   2.5750000e-03	  -1.5130298e-08	
   2.6000000e-03	  -1.6564244e-08	
   2.6250000e-03	  -1.8000506e-08	
   2.6500000e-03	  -1.9350680e-08	
   2.6750000e-03	  -2.0566305e-08	
   2.7000000e-03	  -2.1732973e-08	
   2.7250000e-03	  -2.2850458e-08	
   2.7500000e-03	  -2.3913160e-08	
   2.7750000e-03	  -2.4854998e-08	
   2.8000000e-03	  -2.5747042e-08	
   2.8250000e-03	  -2.6617329e-08	
   2.8500000e-03	  -2.7351746e-08	
   2.8750000e-03	  -2.7908868e-08	
   2.9000000e-03	  -2.8488558e-08	
   2.9250000e-03	  -2.8926437e-08	
   2.9500000e-03	  -2.9338665e-08	
   2.9750000e-03	  -2.9630713e-08	
   3.0000000e-03	  -2.9844174e-08	
   3.0250000e-03	  -2.9927904e-08	
   3.0500000e-03	  -2.9965691e-08	
   3.0750000e-03	  -2.9852970e-08	
   3.1000000e-03	  -2.9576029e-08	
   3.1250000e-03	  -2.9144474e-08	
   3.1500000e-03	  -2.8552990e-08	
   3.1750000e-03	  -2.7726244e-08	
   3.2000000e-03	  -2.6926671e-08	
   3.2250000e-03	  -2.5989494e-08	
   3.2500000e-03	  -2.4988026e-08	
   3.2750000e-03	  -2.4054898e-08	
   3.3000000e-03	  -2.3034047e-08	
   3.3250000e-03	  -2.2091286e-08	
   3.3500000e-03	  -2.1115512e-08	
   3.3750000e-03	  -2.0204141e-08	
   3.4000000e-03	  -1.9324944e-08	
   3.4250000e-03	  -1.8426477e-08	
   3.4500000e-03	  -1.7621404e-08	
   3.4750000e-03	  -1.6835600e-08	
   3.5000000e-03	  -1.6098114e-08	
   3.5250000e-03	  -1.5367661e-08	
   3.5500000e-03	  -1.4669780e-08	
   3.5750000e-03	  -1.4070764e-08	
   3.6000000e-03	  -1.3496561e-08	
   3.6250000e-03	  -1.2990299e-08	
   3.6500000e-03	  -1.2453143e-08	
   3.6750000e-03	  -1.1966208e-08	
   3.7000000e-03	  -1.1503119e-08	
   3.7250000e-03	  -1.1142447e-08	
   3.7500000e-03	  -1.0755330e-08	
   3.7750000e-03	  -1.0427471e-08	
   3.8000000e-03	  -1.0130507e-08	
   3.8250000e-03	  -9.8413585e-09	
   3.8500000e-03	  -9.5644173e-09	
   3.8750000e-03	  -9.3640871e-09	
   3.9000000e-03	  -9.1907855e-09	
   3.9250000e-03	  -9.0136614e-09	
   3.9500000e-03	  -8.8601557e-09	
   3.9750000e-03	  -8.7352139e-09	
   4.0000000e-03	  -8.6494230e-09	
   4.0250000e-03	  -8.5750005e-09	
   4.0500000e-03	  -8.5033496e-09	
   4.0750000e-03	  -8.4748285e-09	
   4.1000000e-03	  -8.4433087e-09	
   4.1250000e-03	  -8.4099700e-09	
   4.1500000e-03	  -8.4389460e-09	
   4.1750000e-03	  -8.4260426e-09	
   4.2000000e-03	  -8.4711194e-09	
   4.2250000e-03	  -8.5484264e-09	
   4.2500000e-03	  -8.5967433e-09	
   4.2750000e-03	  -8.6675702e-09	
   4.3000000e-03	  -8.7223105e-09	
   4.3250000e-03	  -8.8350310e-09	
   4.3500000e-03	  -8.9445682e-09	
   4.3750000e-03	  -9.0613529e-09	
   4.4000000e-03	  -9.1708333e-09	
   4.4250000e-03	  -9.2691438e-09	
   4.4500000e-03	  -9.3770474e-09	
   4.4750000e-03	  -9.4858030e-09	
   4.5000000e-03	  -9.6452770e-09	
   4.5250000e-03	  -9.7688545e-09	
   4.5500000e-03	  -9.9427955e-09	
   4.5750000e-03	  -1.0076292e-08	
   4.6000000e-03	  -1.0200324e-08	
   4.6250000e-03	  -1.0351770e-08	
   4.6500000e-03	  -1.0512750e-08	
   4.6750000e-03	  -1.0578220e-08	
   4.7000000e-03	  -1.0657573e-08	
   4.7250000e-03	  -1.0728457e-08	
   4.7500000e-03	  -1.0796100e-08	
   4.7750000e-03	  -1.0838292e-08	
   4.8000000e-03	  -1.0880399e-08	
   4.8250000e-03	  -1.0924182e-08	
   4.8500000e-03	  -1.0940326e-08	
   4.8750000e-03	  -1.0908138e-08	
   4.9000000e-03	  -1.0893018e-08	
   4.9250000e-03	  -1.0830888e-08	
   4.9500000e-03	  -1.0727831e-08	
   4.9750000e-03	  -1.0595784e-08	
   5.0000000e-03	  -1.0479880e-08	
   5.0250000e-03	  -1.0364303e-08	
   5.0500000e-03	  -1.0218443e-08	
   5.0750000e-03	  -1.0041319e-08	
   5.1000000e-03	  -9.8613671e-09	
   5.1250000e-03	  -9.7102767e-09	
   5.1500000e-03	  -9.5428160e-09	
   5.1750000e-03	  -9.4047719e-09	
   5.2000000e-03	  -9.2631181e-09	
   5.2250000e-03	  -9.0666534e-09	
   5.2500000e-03	  -8.8895293e-09	
   5.2750000e-03	  -8.6865983e-09	
   5.3000000e-03	  -8.5255609e-09	
   5.3250000e-03	  -8.3526292e-09	
   5.3500000e-03	  -8.2044952e-09	
   5.3750000e-03	  -7.9887176e-09	
   5.4000000e-03	  -7.8238145e-09	
   5.4250000e-03	  -7.6821039e-09	
   5.4500000e-03	  -7.5500566e-09	
   5.4750000e-03	  -7.3858360e-09	
   5.5000000e-03	  -7.2505487e-09	
   5.5250000e-03	  -7.0766646e-09	
   5.5500000e-03	  -6.9575208e-09	
   5.5750000e-03	  -6.8690154e-09	
   5.6000000e-03	  -6.7481665e-09	
   5.6250000e-03	  -6.6633559e-09	
   5.6500000e-03	  -6.5501806e-09	
   5.6750000e-03	  -6.4389952e-09	
   5.7000000e-03	  -6.3601531e-09	
   5.7250000e-03	  -6.3118362e-09	
   5.7500000e-03	  -6.2184425e-09	
   5.7750000e-03	  -6.1539820e-09	
   5.8000000e-03	  -6.0766750e-09	
   5.8250000e-03	  -6.0228442e-09	
   5.8500000e-03	  -5.9542911e-09	
   5.8750000e-03	  -5.9485645e-09	
   5.9000000e-03	  -5.8807925e-09	
   5.9250000e-03	  -5.8062566e-09	
   5.9500000e-03	  -5.7941631e-09	
   5.9750000e-03	  -5.7523263e-09	
   6.0000000e-03	  -5.7257095e-09	
   6.0250000e-03	  -5.7200535e-09	
   6.0500000e-03	  -5.6806326e-09	
   6.0750000e-03	  -5.6621301e-09	
   6.1000000e-03	  -5.6194123e-09	
   6.1250000e-03	  -5.5751597e-09	
   6.1500000e-03	  -5.5751597e-09	
   6.1750000e-03	  -5.5525928e-09	
   6.2000000e-03	  -5.5364493e-09	
   6.2250000e-03	  -5.5437824e-09	
   6.2500000e-03	  -5.5010216e-09	
   6.2750000e-03	  -5.4720314e-09	
   6.3000000e-03	  -5.4785116e-09	
   6.3250000e-03	  -5.4688482e-09	
   6.3500000e-03	  -5.4568688e-09	
   6.3750000e-03	  -5.4237714e-09	
   6.4000000e-03	  -5.3795618e-09	
   6.4250000e-03	  -5.3658622e-09	
   6.4500000e-03	  -5.3497187e-09	
   6.4750000e-03	  -5.3569949e-09	
   6.5000000e-03	  -5.3432243e-09	
   6.5250000e-03	  -5.2949074e-09	
   6.5500000e-03	  -5.2626771e-09	
   6.5750000e-03	  -5.2366859e-09	
   6.6000000e-03	  -5.2273778e-09	
   6.6250000e-03	  -5.2217076e-09	
   6.6500000e-03	  -5.1669674e-09	
   6.6750000e-03	  -5.1467596e-09	
   6.7000000e-03	  -5.1118862e-09	
   6.7250000e-03	  -5.0727637e-09	
   6.7500000e-03	  -5.0703336e-09	
   6.7750000e-03	  -5.0413434e-09	
   6.8000000e-03	  -4.9962666e-09	
   6.8250000e-03	  -4.9566752e-09	
   6.8500000e-03	  -4.9544298e-09	
   6.8750000e-03	  -4.9125362e-09	
   6.9000000e-03	  -4.8932095e-09	
   6.9250000e-03	  -4.8545560e-09	
   6.9500000e-03	  -4.8223257e-09	
   6.9750000e-03	  -4.7869123e-09	
   7.0000000e-03	  -4.7740088e-09	
   7.0250000e-03	  -4.7385954e-09	
   7.0500000e-03	  -4.7225087e-09	
   7.0750000e-03	  -4.7160854e-09	
   7.1000000e-03	  -4.6806719e-09	
   7.1250000e-03	  -4.6774319e-09	
   7.1500000e-03	  -4.6226348e-09	
   7.1750000e-03	  -4.5904046e-09	
   7.2000000e-03	  -4.5935878e-09	
   7.2250000e-03	  -4.5645977e-09	
   7.2500000e-03	  -4.5666863e-09	
   7.2750000e-03	  -4.5066742e-09	
   7.3000000e-03	  -4.5001941e-09	
   7.3250000e-03	  -4.4615406e-09	
   7.3500000e-03	  -4.4680207e-09	
   7.3750000e-03	  -4.4486939e-09	
   7.4000000e-03	  -4.4325504e-09	
   7.4250000e-03	  -4.4132236e-09	
   7.4500000e-03	  -4.3842335e-09	
   7.4750000e-03	  -4.4056489e-09	
   7.5000000e-03	  -4.3455231e-09	
   7.5250000e-03	  -4.3551297e-09	
   7.5500000e-03	  -4.3261396e-09	
   7.5750000e-03	  -4.2939662e-09	
   7.6000000e-03	  -4.3132929e-09	
   7.6250000e-03	  -4.2746394e-09	
   7.6500000e-03	  -4.3197163e-09	
   7.6750000e-03	  -4.2488325e-09	
   7.7000000e-03	  -4.2358011e-09	
   7.7250000e-03	  -4.2360427e-09	
   7.7500000e-03	  -4.2359291e-09	
   7.7750000e-03	  -4.2262657e-09	
   7.8000000e-03	  -4.1972756e-09	
   7.8250000e-03	  -4.1811320e-09	
   7.8500000e-03	  -4.1521419e-09	
   7.8750000e-03	  -4.1457186e-09	
   7.9000000e-03	  -4.1779488e-09	
   7.9250000e-03	  -4.1489586e-09	
   7.9500000e-03	  -4.1038818e-09	
   7.9750000e-03	  -4.1071219e-09	
   8.0000000e-03	  -4.0845551e-09	
   8.0250000e-03	  -4.1296319e-09	
   8.0500000e-03	  -4.0748917e-09	
   8.0750000e-03	  -4.0716516e-09	
   8.1000000e-03	  -4.0297580e-09	
   8.1250000e-03	  -4.0362381e-09	
   8.1500000e-03	  -4.0813718e-09	
   8.1750000e-03	  -4.0362950e-09	
   8.2000000e-03	  -4.0266886e-09	
   8.2250000e-03	  -3.9912182e-09	
   8.2500000e-03	  -3.9847950e-09	
   8.2750000e-03	  -4.0105449e-09	
   8.3000000e-03	  -4.0099623e-09	
   8.3250000e-03	  -3.9879781e-09	
   8.3500000e-03	  -3.9752451e-09	
   8.3750000e-03	  -3.9686513e-09	
   8.4000000e-03	  -3.9750746e-09	
   8.4250000e-03	  -3.9847380e-09	
   8.4500000e-03	  -3.9837571e-09	
   8.4750000e-03	  -3.9558615e-09	
   8.5000000e-03	  -3.9492678e-09	
   8.5250000e-03	  -3.9525078e-09	
   8.5500000e-03	  -3.9654112e-09	
   8.5750000e-03	  -3.9708536e-09	
   8.6000000e-03	  -3.9364211e-09	
   8.6250000e-03	  -3.9203344e-09	
   8.6500000e-03	  -3.9074310e-09	
   8.6750000e-03	  -3.9675567e-09	
   8.7000000e-03	  -3.9547101e-09	
   8.7250000e-03	  -3.9321432e-09	
   8.7500000e-03	  -3.9106142e-09	
   8.7750000e-03	  -3.9449899e-09	
   8.8000000e-03	  -3.9106142e-09	
   8.8250000e-03	  -3.8935466e-09	
   8.8500000e-03	  -3.9106710e-09	
   8.8750000e-03	  -3.9073741e-09	
   8.9000000e-03	  -3.8944707e-09	
   8.9250000e-03	  -3.9031531e-09	
   8.9500000e-03	  -3.8838264e-09	
   8.9750000e-03	  -3.9138543e-09	
   9.0000000e-03	  -3.9041909e-09	
   9.0250000e-03	  -3.8655374e-09	
   9.0500000e-03	  -3.8917849e-09	
   9.0750000e-03	  -3.9079285e-09	
   9.1000000e-03	  -3.8815672e-09	
   9.1250000e-03	  -3.8332503e-09	
   9.1500000e-03	  -3.8460969e-09	
   9.1750000e-03	  -3.8499482e-09	
   9.2000000e-03	  -3.8435249e-09	
   9.2250000e-03	  -3.8403416e-09	
   9.2500000e-03	  -3.8235869e-09	
   9.2750000e-03	  -3.8267701e-09	
   9.3000000e-03	  -3.8203468e-09	
   9.3250000e-03	  -3.8267701e-09	
   9.3500000e-03	  -3.8145916e-09	
   9.3750000e-03	  -3.8112520e-09	
   9.4000000e-03	  -3.7977800e-09	
   9.4250000e-03	  -3.8106835e-09	
   9.4500000e-03	  -3.7977800e-09	
   9.4750000e-03	  -3.8339183e-09	
   9.5000000e-03	  -3.8178316e-09	
   9.5250000e-03	  -3.7945968e-09	
   9.5500000e-03	  -3.7752700e-09	
   9.5750000e-03	  -3.7656066e-09	
   9.6000000e-03	  -3.8010201e-09	
   9.6250000e-03	  -3.7816933e-09	
   9.6500000e-03	  -3.8010201e-09	
   9.6750000e-03	  -3.7720299e-09	
   9.7000000e-03	  -3.7623666e-09	
   9.7250000e-03	  -3.8145916e-09	
   9.7500000e-03	  -3.7817502e-09	
   9.7750000e-03	  -3.7881735e-09	
   9.8000000e-03	  -3.7462799e-09	
   9.8250000e-03	  -3.7559432e-09	
   9.8500000e-03	  -3.7881166e-09	
   9.8750000e-03	  -3.7907743e-09	
   9.9000000e-03	  -3.7656066e-09	
   9.9250000e-03	  -3.7462799e-09	
   9.9500000e-03	  -3.7591833e-09	
   9.9750000e-03	  -3.7817502e-09	
   1.0000000e-02	  -3.7463367e-09	
   1.0025000e-02	  -3.7366733e-09	
   1.0050000e-02	  -3.7592402e-09	
   1.0075000e-02	  -3.7456975e-09	
   1.0100000e-02	  -3.7823045e-09	
   1.0125000e-02	  -3.7657203e-09	
   1.0150000e-02	  -3.7303069e-09	
   1.0175000e-02	  -3.7109801e-09	
   1.0200000e-02	  -3.7392742e-09	
   1.0225000e-02	  -3.7560001e-09	
   1.0250000e-02	  -3.7430966e-09	
   1.0275000e-02	  -3.7237699e-09	
   1.0300000e-02	  -3.7141065e-09	
   1.0325000e-02	  -3.7109233e-09	
   1.0350000e-02	  -3.7205866e-09	
   1.0375000e-02	  -3.7367302e-09	
   1.0400000e-02	  -3.7206435e-09	
   1.0425000e-02	  -3.7238836e-09	
   1.0450000e-02	  -3.7335469e-09	
   1.0475000e-02	  -3.6948934e-09	
   1.0500000e-02	  -3.7367870e-09	
   1.0525000e-02	  -3.7400271e-09	
   1.0550000e-02	  -3.7307475e-09	
   1.0575000e-02	  -3.7238836e-09	
   1.0600000e-02	  -3.7039176e-09	
   1.0625000e-02	  -3.6916533e-09	
   1.0650000e-02	  -3.7206435e-09	
   1.0675000e-02	  -3.7179577e-09	
   1.0700000e-02	  -3.7109801e-09	
   1.0725000e-02	  -3.6974943e-09	
   1.0750000e-02	  -3.6788067e-09	
   1.0775000e-02	  -3.6981335e-09	
   1.0800000e-02	  -3.7077969e-09	
   1.0825000e-02	  -3.6917102e-09	
   1.0850000e-02	  -3.6813507e-09	
   1.0875000e-02	  -3.6627200e-09	
   1.0900000e-02	  -3.6627200e-09	
   1.0925000e-02	  -3.7071008e-09	
   1.0950000e-02	  -3.6781107e-09	
   1.0975000e-02	  -3.6560693e-09	
   1.1000000e-02	  -3.6722697e-09	
   1.1025000e-02	  -3.6658464e-09	
   1.1050000e-02	  -3.6755098e-09	
   1.1075000e-02	  -3.6658464e-09	
   1.1100000e-02	  -3.6658464e-09	
   1.1125000e-02	  -3.6658464e-09	
   1.1150000e-02	  -3.6915965e-09	
   1.1175000e-02	  -3.6432796e-09	
   1.1200000e-02	  -3.6755098e-09	
   1.1225000e-02	  -3.6844203e-09	
   1.1250000e-02	  -3.6593663e-09	
   1.1275000e-02	  -3.6851732e-09	
   1.1300000e-02	  -3.6497029e-09	
   1.1325000e-02	  -3.6464628e-09	
   1.1350000e-02	  -3.6876035e-09	
   1.1375000e-02	  -3.6947797e-09	
   1.1400000e-02	  -3.6626064e-09	
   1.1425000e-02	  -3.6626064e-09	
   1.1450000e-02	  -3.6594231e-09	
   1.1475000e-02	  -3.7012599e-09	
   1.1500000e-02	  -3.7045000e-09	
   1.1525000e-02	  -3.6787499e-09	
   1.1550000e-02	  -3.6529430e-09	
   1.1575000e-02	  -3.6690865e-09	
   1.1600000e-02	  -3.7013167e-09	
   1.1625000e-02	  -3.7071008e-09	
   1.1650000e-02	  -3.6627200e-09	
   1.1675000e-02	  -3.6659601e-09	
   1.1700000e-02	  -3.6627200e-09	
   1.1725000e-02	  -3.6630612e-09	
   1.1750000e-02	  -3.6981335e-09	
   1.1775000e-02	  -3.6401532e-09	
   1.1800000e-02	  -3.6627200e-09	
   1.1825000e-02	  -3.6659033e-09	
   1.1850000e-02	  -3.6618676e-09	
   1.1875000e-02	  -3.7045568e-09	
   1.1900000e-02	  -3.6819900e-09	
   1.1925000e-02	  -3.6755098e-09	
   1.1950000e-02	  -3.6368563e-09	
   1.1975000e-02	  -3.6746574e-09	
   1.2000000e-02	  -3.6529430e-09	
   1.2025000e-02	  -3.6593663e-09	
   1.2050000e-02	  -3.6535542e-09	
   1.2075000e-02	  -3.6561262e-09	
   1.2100000e-02	  -3.6496461e-09	
   1.2125000e-02	  -3.6754530e-09	
   1.2150000e-02	  -3.6464628e-09	
   1.2175000e-02	  -3.6857844e-09	
   1.2200000e-02	  -3.6689728e-09	
   1.2225000e-02	  -3.6567374e-09	
   1.2250000e-02	  -3.6592526e-09	
   1.2275000e-02	  -3.6818194e-09	
   1.2300000e-02	  -3.6534973e-09	
   1.2325000e-02	  -3.6657327e-09	
   1.2350000e-02	  -3.6502572e-09	
   1.2375000e-02	  -3.6528293e-09	
   1.2400000e-02	  -3.6689160e-09	
   1.2425000e-02	  -3.6695840e-09	
   1.2450000e-02	  -3.6454824e-09	
   1.2475000e-02	  -3.6438339e-09	
   1.2500000e-02	  -3.6561262e-09	
   1.2525000e-02	  -3.6585565e-09	
   1.2550000e-02	  -3.6496461e-09	
   1.2575000e-02	  -3.6599775e-09	
   1.2600000e-02	  -3.6593094e-09	
   1.2625000e-02	  -3.6399827e-09	
   1.2650000e-02	  -3.6625495e-09	
   1.2675000e-02	  -3.6722129e-09	
   1.2700000e-02	  -3.6754530e-09	
   1.2725000e-02	  -3.6722129e-09	
   1.2750000e-02	  -3.6335594e-09	
   1.2775000e-02	  -3.6464628e-09	
   1.2800000e-02	  -3.6586702e-09	
   1.2825000e-02	  -3.6631607e-09	
   1.2850000e-02	  -3.6625495e-09	
   1.2875000e-02	  -3.6432228e-09	
   1.2900000e-02	  -3.6496461e-09	
   1.2925000e-02	  -3.6567374e-09	
   1.2950000e-02	  -3.6713605e-09	
   1.2975000e-02	  -3.6554870e-09	
   1.3000000e-02	  -3.6619671e-09	
   1.3025000e-02	  -3.6491205e-09	
   1.3050000e-02	  -3.6303193e-09	
   1.3075000e-02	  -3.6593094e-09	
   1.3100000e-02	  -3.6786362e-09	
   1.3125000e-02	  -3.6681204e-09	
   1.3150000e-02	  -3.6394571e-09	
   1.3175000e-02	  -3.6399827e-09	
   1.3200000e-02	  -3.6528293e-09	
   1.3225000e-02	  -3.6809670e-09	
   1.3250000e-02	  -3.6624927e-09	
   1.3275000e-02	  -3.6914828e-09	
   1.3300000e-02	  -3.6463491e-09	
   1.3325000e-02	  -3.6631607e-09	
   1.3350000e-02	  -3.6560125e-09	
   1.3375000e-02	  -3.6528293e-09	
   1.3400000e-02	  -3.6651504e-09	
   1.3425000e-02	  -3.6587271e-09	
   1.3450000e-02	  -3.6432228e-09	
   1.3475000e-02	  -3.6682341e-09	
   1.3500000e-02	  -3.6528293e-09	
   1.3525000e-02	  -3.6490637e-09	
   1.3550000e-02	  -3.6657327e-09	
   1.3575000e-02	  -3.6464060e-09	
   1.3600000e-02	  -3.6399258e-09	
   1.3625000e-02	  -3.6527724e-09	
   1.3650000e-02	  -3.6488505e-09	
   1.3675000e-02	  -3.6527156e-09	
   1.3700000e-02	  -3.6462355e-09	
   1.3725000e-02	  -3.6333320e-09	
   1.3750000e-02	  -3.6236686e-09	
   1.3775000e-02	  -3.6526588e-09	
   1.3800000e-02	  -3.6494187e-09	
   1.3825000e-02	  -3.6204285e-09	
   1.3850000e-02	  -3.6333320e-09	
   1.3875000e-02	  -3.6365721e-09	
   1.3900000e-02	  -3.6462355e-09	
   1.3925000e-02	  -3.6623221e-09	
   1.3950000e-02	  -3.6333320e-09	
   1.3975000e-02	  -3.6397553e-09	
   1.4000000e-02	  -3.6526019e-09	
   1.4025000e-02	  -3.6429385e-09	
   1.4050000e-02	  -3.6526019e-09	
   1.4075000e-02	  -3.6590821e-09	
   1.4100000e-02	  -3.6300919e-09	
   1.4125000e-02	  -3.6397553e-09	
   1.4150000e-02	  -3.6236686e-09	
   1.4175000e-02	  -3.6494187e-09	
   1.4200000e-02	  -3.6526588e-09	
   1.4225000e-02	  -3.6269087e-09	
   1.4250000e-02	  -3.6320673e-09	
   1.4275000e-02	  -3.6236686e-09	
   1.4300000e-02	  -3.6365152e-09	
   1.4325000e-02	  -3.6526588e-09	
   1.4350000e-02	  -3.6333320e-09	
   1.4375000e-02	  -3.6063172e-09	
   1.4400000e-02	  -3.6075251e-09	
   1.4425000e-02	  -3.6139484e-09	
   1.4450000e-02	  -3.6300919e-09	
   1.4475000e-02	  -3.6300919e-09	
   1.4500000e-02	  -3.6140052e-09	
   1.4525000e-02	  -3.6043419e-09	
   1.4550000e-02	  -3.6365721e-09	
   1.4575000e-02	  -3.6172453e-09	
   1.4600000e-02	  -3.6353073e-09	
   1.4625000e-02	  -3.6237255e-09	
   1.4650000e-02	  -3.6140621e-09	
   1.4675000e-02	  -3.6430522e-09	
   1.4700000e-02	  -3.6462923e-09	
   1.4725000e-02	  -3.6269655e-09	
   1.4750000e-02	  -3.6366289e-09	
   1.4775000e-02	  -3.6495324e-09	
   1.4800000e-02	  -3.6426404e-09	
   1.4825000e-02	  -3.6448712e-09	
   1.4850000e-02	  -3.6495324e-09	
   1.4875000e-02	  -3.6302056e-09	
   1.4900000e-02	  -3.6559557e-09	
   1.4925000e-02	  -3.6204854e-09	
   1.4950000e-02	  -3.6429954e-09	
   1.4975000e-02	  -3.6424272e-09	
   1.5000000e-02	  -3.6461786e-09	
   1.5025000e-02	  -3.6108219e-09	
   1.5050000e-02	  -3.6527155e-09	
   1.5075000e-02	  -3.6284295e-09	
   1.5100000e-02	  -3.6426404e-09	
   1.5125000e-02	  -3.6652072e-09	
   1.5150000e-02	  -3.6396985e-09	
   1.5175000e-02	  -3.6461218e-09	
   1.5200000e-02	  -3.6233136e-09	
   1.5225000e-02	  -3.6490637e-09	
   1.5250000e-02	  -3.6458236e-09	
   1.5275000e-02	  -3.6429385e-09	
   1.5300000e-02	  -3.6361602e-09	
   1.5325000e-02	  -3.6236118e-09	
   1.5350000e-02	  -3.6554870e-09	
   1.5375000e-02	  -3.6461218e-09	
   1.5400000e-02	  -3.6461218e-09	
   1.5425000e-02	  -3.6171316e-09	
   1.5450000e-02	  -3.6138915e-09	
   1.5475000e-02	  -3.6554301e-09	
   1.5500000e-02	  -3.6328633e-09	
   1.5525000e-02	  -3.5978049e-09	
   1.5550000e-02	  -3.5946216e-09	
   1.5575000e-02	  -3.6236118e-09	
   1.5600000e-02	  -3.6586134e-09	
   1.5625000e-02	  -3.6268518e-09	
   1.5650000e-02	  -3.6075251e-09	
   1.5675000e-02	  -3.5902305e-09	
   1.5700000e-02	  -3.6011018e-09	
   1.5725000e-02	  -3.6199172e-09	
   1.5750000e-02	  -3.6288840e-09	
   1.5775000e-02	  -3.6075819e-09	
   1.5800000e-02	  -3.5785918e-09	
   1.5825000e-02	  -3.6172453e-09	
   1.5850000e-02	  -3.6328633e-09	
   1.5875000e-02	  -3.6140621e-09	
   1.5900000e-02	  -3.6108788e-09	
   1.5925000e-02	  -3.6044555e-09	
   1.5950000e-02	  -3.6044555e-09	
   1.5975000e-02	  -3.6457668e-09	
   1.6000000e-02	  -3.6141189e-09	
   1.6025000e-02	  -3.6366858e-09	
   1.6050000e-02	  -3.5948490e-09	
   1.6075000e-02	  -3.5993825e-09	
   1.6100000e-02	  -3.6200167e-09	
   1.6125000e-02	  -3.6270792e-09	
   1.6150000e-02	  -3.6335594e-09	
   1.6175000e-02	  -3.6225886e-09	
   1.6200000e-02	  -3.6142326e-09	
   1.6225000e-02	  -3.6232568e-09	
   1.6250000e-02	  -3.6432228e-09	
   1.6275000e-02	  -3.6303193e-09	
   1.6300000e-02	  -3.6258287e-09	
   1.6325000e-02	  -3.6458236e-09	
   1.6350000e-02	  -3.6464060e-09	
   1.6375000e-02	  -3.6522469e-09	
   1.6400000e-02	  -3.6490068e-09	
   1.6425000e-02	  -3.6367426e-09	
   1.6450000e-02	  -3.6483387e-09	
   1.6475000e-02	  -3.6522469e-09	
   1.6500000e-02	  -3.6522469e-09	
   1.6525000e-02	  -3.6489642e-09	
   1.6550000e-02	  -3.6425835e-09	
   1.6575000e-02	  -3.6464628e-09	
   1.6600000e-02	  -3.6677223e-09	
   1.6625000e-02	  -3.6593663e-09	
   1.6650000e-02	  -3.6425835e-09	
   1.6675000e-02	  -3.6490637e-09	
   1.6700000e-02	  -3.6394003e-09	
   1.6725000e-02	  -3.6516924e-09	
   1.6750000e-02	  -3.6748279e-09	
   1.6775000e-02	  -3.6393435e-09	
   1.6800000e-02	  -3.6400964e-09	
   1.6825000e-02	  -3.6167766e-09	
   1.6850000e-02	  -3.6457668e-09	
   1.6875000e-02	  -3.6433364e-09	
   1.6900000e-02	  -3.6478131e-09	
   1.6925000e-02	  -3.6272497e-09	
   1.6950000e-02	  -3.6103533e-09	
   1.6975000e-02	  -3.6329201e-09	
   1.7000000e-02	  -3.6421427e-09	
